126478359
126478539
132458796
132458976
132956478
132956748
134765298
134765928
136279458
136279548
139478256
139478526
148279356
148279536
152348796
152348976
152847396
152847936
153942786
153942876
196458372
196458732
196752348
196752438
214379568
214379658
236179458
236179548
248179356
248179536
286941573
286941753
296351478
296351748
314279568
314279658
321547896
321547986
324851796
324851976
328651794
328651974
352148796
352148976
364958172
364958712
392815674
392815764
396251478
396251748
426178359
426178539
432158796
432158976
439178256
439178526
496158372
496158732
512967348
512967438
521347896
521347986
531726894
531726984
541927386
541927836
548967132
548967312
572839164
572839614
593621784
593621874
628351794
628351974
631925784
631925874
693521784
693521874
714965238
714965328
728965134
728965314
731526894
731526984
732859164
732859614
734165298
734165928
752849136
752849316
764859132
764859312
796152348
796152438
824351796
824351976
832759164
832759614
852147396
852147936
852749136
852749316
864759132
864759312
872539164
872539614
892315674
892315764
912567348
912567438
914765238
914765328
928765134
928765314
931625784
931625874
932156478
932156748
941527386
941527836
948567132
948567312
953142786
953142876
964358172
964358712
986241573
986241753
